test <- 0.1 == 0.4 / 3 # FALSE
